{
    "Items": [
        {
            "WrapParam1": 10.800000190734864,
            "WrapParam2": 15.5,
            "x": -7.03000020980835,
            "y": -2.6500000953674318,
            "z": 6.670000076293945
        },
        {
            "WrapParam1": 49.0,
            "WrapParam2": 3.0,
            "x": 8.670000076293946,
            "y": 5.610000133514404,
            "z": -4.130000114440918
        },
        {
            "WrapParam1": 45.459999084472659,
            "WrapParam2": 13.444000244140625,
            "x": 12.592000007629395,
            "y": 10.710000038146973,
            "z": 12.383000373840332
        }
    ]
}
